40221 40221 1.000000
40221 40232 0.001458
40222 40222 1.000000
40222 40244 0.001723
40223 40223 1.000000
40223 40234 0.001428
40224 40224 1.000000
40224 40242 0.001700
40231 40231 1.000000
40231 40384 0.001767
40231 40241 0.002107
40232 40232 1.000000
40232 40392 0.001132
40233 40233 1.000000
40233 40382 0.001728
40233 40243 0.001768
40234 40234 1.000000
40234 40394 0.001141
40241 40241 1.000000
40242 40242 1.000000
40242 40312 0.000586
40243 40243 1.000000
40244 40244 1.000000
40244 40314 0.000588
40311 40311 1.000000
40311 40321 0.002208
40312 40312 1.000000
40313 40313 1.000000
40313 40323 0.003562
40314 40314 1.000000
40321 40321 1.000000
40321 40331 0.003561
40322 40322 1.000000
40323 40323 1.000000
40323 40333 0.001988
40324 40324 1.000000
40331 40331 1.000000
40331 40341 0.001989
40332 40332 1.000000
40332 40391 0.001639
40333 40333 1.000000
40333 40343 0.002725
40334 40334 1.000000
40334 40393 0.001684
40341 40341 1.000000
40341 40351 0.002726
40342 40342 1.000000
40343 40343 1.000000
40343 40353 0.001978
40344 40344 1.000000
40344 40394 0.002412
40351 40351 1.000000
40352 40352 1.000000
40352 40372 0.002421
40353 40353 1.000000
40354 40354 1.000000
40354 40374 0.002771
40371 40371 1.000000
40371 40391 0.001786
40372 40372 1.000000
40372 40382 0.002781
40373 40373 1.000000
40373 40393 0.001793
40374 40374 1.000000
40374 40384 0.001434
40381 40381 1.000000
40382 40382 1.000000
40383 40383 1.000000
40384 40384 1.000000
40391 40391 1.000000
40392 40392 1.000000
40393 40393 1.000000
40394 40394 1.000000
